[IMG-20150705-WA0017.jpg]
filters=crop64=1,3cd29f4ffffeddd;fill=1,0.420561;
crop=rect64(3cd29f4ffffeddd)
moddate=000036411ad20000
width=539
height=720
textactive=0
[IMG-20150705-WA0038.jpg]
filters=fill=1,0.364486;crop64=1,3664a22ffffefff;
moddate=000062411ad20000
width=1280
height=960
textactive=0
crop=rect64(3664a22ffffefff)
[inner-coverS-001.jpg]
filters=glow2=1,0.994152,3.000000;
moddate=0000fb651ad20000
width=960
height=1280
textactive=0
